0.393 0,456 0,782 -0.978 0.832 0.665 0.90
0.456 0.551 0.358 0.558 0.625 0.872 -0.58
0.782 0.358 0.654 0.540 0.265 0.325 1.111
-0.978 0.588 0.540 0.832 0.778 0.466 0.094
0.832 0.625 0.265 0.778 0.371 0.492 0.0605
0.665 0.872 0.325 0.466 0.492 0.635 0.355
//x_1=(-711514185200377)
	 /20559629336517032
x_2=31151158494952321
   /20559629336517032
x_3=25889820754306991
   /10279814668258516
x_4=(-34908379087658863)
     /82238517346068128
x_5=(-68038560818940725)
     /41119258673034064
x_6=(-48554507795604709)
     /41119258673034064
	 
	 Исправить NaN, вывод рандомной матрицы, блок-схемы, научное число или обычное